0
0
0
0
0
997
997
2001
1001
2237
3978
5295
8445
5204
34478
9966
11058
15491
13190
9979
13189
41941
23626
26715
26285
58911
29789
36406
25473
29811
102331
37150
36101
50636
130656
94601
54217
145828
52258
54906
52900
62599
48796
58203
54676
51658
59515
58075
86322
67153
63018
66443
71597
72452
77302
87597
89364
83308
87674
90102
100445
98159
107200
109101
121646
118694
126518
124382
134613
132397
130926
139840
144604
152397
155733
159272
165374
170234
175654
183029
183935
184336
185812
206807
198098
208204
211473
223103
234934
230640
246950
250477
246204
256371
249644
269585
273345
282020
287181
291282
