0
0
0
0
0
0
0
0
995
0
70052
997
997
996
1993
1993
1994
2985
1993
2977
2828
4634
4106
4313
4983
6963
6154
5983
4983
9374
12876
22085
10037
10401
15409
11841
11963
13768
10261
12147
11961
10051
12037
11781
14507
11967
12367
13581
20115
13959
14159
14959
17958
16943
19124
17601
17940
18937
19587
20653
21445
21928
22092
23663
24918
23925
28458
25605
29137
28566
28148
31444
30329
30874
31957
32068
33010
34134
35534
39191
38925
38505
39145
39432
44595
42859
44005
43860
44790
48839
48303
48155
49883
48360
53200
51822
52981
53761
57807
62408
