0
998
0
0
995
0
0
8324
996
997
1003
3035
1993
1994
2990
3494
4794
5336
4984
4982
4983
6719
8186
9205
8971
9965
11842
12956
13181
10810
15861
17747
18460
65406
23044
264217
23410
21927
22255
23026
22241
144993
23576
24573
23735
23772
25918
25620
33757
34312
28940
29294
31888
34621
33584
35756
36264
37586
40136
40309
41878
46663
46573
45089
40117
52597
51781
51829
54489
57807
59970
58077
61078
61948
70866
66436
67009
73249
72095
74364
75392
78915
78702
83920
83209
86669
84521
91436
89878
95102
96350
104168
103347
100912
103817
107991
109810
114587
112822
116351
